
strategic_region={
	id=229
	name="STRATEGICREGION_229"
	provinces={
		1004 1036 1139 1367 1395 1603 1612 1893 1976 2006 2030 2091 4009 4010 4041 4066 4114 4130 4144 4167 4256 4295 4519 4547 4606 4619 4631 4896 4925 5030 5048 5092 6932 6999 7019 7074 7085 7101 7126 7129 7167 7201 7240 7256 7279 7301 7406 7418 7434 7459 7508 7540 7568 7580 7596 7609 7625 7637 7656 7948 8026 8072 9934 9958 9959 9995 10006 10098 10132 10144 10257 10304 10364 10434 10446 10462 10474 10757 10822 11865 11931 12012 12086 12274 12408 12414 12426 12467 12705 12713 12767 
	}
	weather={
	}
}
